4766472	12	2	5	4
7676201	9	4	27	3	1	4
2735179	9	4	21	27	31	41
2986376	8	4	1	52	41	21
6619273	7	4	22	51	2	4
6980676	13	1	27
3111028	7	1	4
1180605	8	2	52	1
4949283	12	3	11	31	52
5133309	10	3	3	28	4
9082407	10	1	21
8568724	9	3	28	2	21
7420764	8	3	23	28	51
4651474	7	4	23	21	5	3
9226856	11	1	4
6501532	13	4	5	31	22	51
2968693	12	2	22	3
6193293	8	2	51	41
4925410	10	1	1
2506509	10	1	27
4930051	11	3	5	23	21
3956065	8	1	21
6558191	13	3	28	27	23
6211606	7	4	5	31	3	27
5899891	9	4	11	51	28	5
2278430	9	3	21	27	1
2895420	13	4	2	1	5	41
3081767	7	1	11
1099200	7	4	52	41	4	1
9802046	13	2	1	21
3960674	11	1	22
9885513	11	4	41	31	11	27
7099567	13	4	5	22	31	51
1123259	8	1	28
1415035	12	1	3
7389633	8	1	52
1512595	12	3	21	51	52
1890055	11	3	5	11	51
6909267	10	2	2	41
3274520	10	1	52
9195627	9	1	22
3756413	7	4	41	11	2	28
9030226	8	4	23	3	11	52
2791653	13	2	1	11
7081289	10	1	41
7685885	12	1	22
2599852	10	1	22
2113471	13	2	41	5
2699238	7	3	27	4	52
2239018	11	1	5
